id,long,lat,order,hole,piece,group,key_new,V1,V2,key_orig,SA2_MAIN16,SA2_5DIG16,SA2_NAME16,SA3_CODE16,SA3_NAME16,SA4_CODE16,SA4_NAME16,GCC_CODE16,GCC_NAME16,STE_CODE16,STE_NAME16,AREASQKM16,CENTROIX,CENTROIY,row,col,distance
1,143.05102531,-36.89569567,1,FALSE,1,1.1,143.175138205446_-36.9673522860081,143.1751382054455,-36.96735228600806,143.37405324_-37.10894445,201031013,21013,Avoca,20103,Maryborough - Pyrenees,201,Ballarat,2RVIC,Rest of Vic.,2,Victoria,1714.2399,143.37405324,-37.10894445,13,14,23666.572517603876
1,143.17513821,-36.82403906,2,FALSE,1,1.1,143.175138205446_-36.9673522860081,143.1751382054455,-36.96735228600806,143.37405324_-37.10894445,201031013,21013,Avoca,20103,Maryborough - Pyrenees,201,Ballarat,2RVIC,Rest of Vic.,2,Victoria,1714.2399,143.37405324,-37.10894445,13,14,23666.572517603876
1,143.2992511,-36.89569567,3,FALSE,1,1.1,143.175138205446_-36.9673522860081,143.1751382054455,-36.96735228600806,143.37405324_-37.10894445,201031013,21013,Avoca,20103,Maryborough - Pyrenees,201,Ballarat,2RVIC,Rest of Vic.,2,Victoria,1714.2399,143.37405324,-37.10894445,13,14,23666.572517603876
1,143.2992511,-37.0390089,4,FALSE,1,1.1,143.175138205446_-36.9673522860081,143.1751382054455,-36.96735228600806,143.37405324_-37.10894445,201031013,21013,Avoca,20103,Maryborough - Pyrenees,201,Ballarat,2RVIC,Rest of Vic.,2,Victoria,1714.2399,143.37405324,-37.10894445,13,14,23666.572517603876
1,143.17513821,-37.11066551,5,FALSE,1,1.1,143.175138205446_-36.9673522860081,143.1751382054455,-36.96735228600806,143.37405324_-37.10894445,201031013,21013,Avoca,20103,Maryborough - Pyrenees,201,Ballarat,2RVIC,Rest of Vic.,2,Victoria,1714.2399,143.37405324,-37.10894445,13,14,23666.572517603876
1,143.05102531,-37.0390089,6,FALSE,1,1.1,143.175138205446_-36.9673522860081,143.1751382054455,-36.96735228600806,143.37405324_-37.10894445,201031013,21013,Avoca,20103,Maryborough - Pyrenees,201,Ballarat,2RVIC,Rest of Vic.,2,Victoria,1714.2399,143.37405324,-37.10894445,13,14,23666.572517603876
1,143.05102531,-36.89569567,7,FALSE,1,1.1,143.175138205446_-36.9673522860081,143.1751382054455,-36.96735228600806,143.37405324_-37.10894445,201031013,21013,Avoca,20103,Maryborough - Pyrenees,201,Ballarat,2RVIC,Rest of Vic.,2,Victoria,1714.2399,143.37405324,-37.10894445,13,14,23666.572517603876
10,143.54747688,-37.32563534,8,FALSE,1,10.1,143.671589773626_-37.3972919558011,143.67158977362615,-37.397291955801116,143.74932408_-37.54174961,201011001,21001,Alfredton,20101,Ballarat,201,Ballarat,2RVIC,Rest of Vic.,2,Victoria,52.7111,143.74932408,-37.54174961,1,7,61411.04032562443
10,143.67158977,-37.25397873,9,FALSE,1,10.1,143.671589773626_-37.3972919558011,143.67158977362615,-37.397291955801116,143.74932408_-37.54174961,201011001,21001,Alfredton,20101,Ballarat,201,Ballarat,2RVIC,Rest of Vic.,2,Victoria,52.7111,143.74932408,-37.54174961,1,7,61411.04032562443
10,143.79570267,-37.32563534,10,FALSE,1,10.1,143.671589773626_-37.3972919558011,143.67158977362615,-37.397291955801116,143.74932408_-37.54174961,201011001,21001,Alfredton,20101,Ballarat,201,Ballarat,2RVIC,Rest of Vic.,2,Victoria,52.7111,143.74932408,-37.54174961,1,7,61411.04032562443
10,143.79570267,-37.46894857,11,FALSE,1,10.1,143.671589773626_-37.3972919558011,143.67158977362615,-37.397291955801116,143.74932408_-37.54174961,201011001,21001,Alfredton,20101,Ballarat,201,Ballarat,2RVIC,Rest of Vic.,2,Victoria,52.7111,143.74932408,-37.54174961,1,7,61411.04032562443
10,143.67158977,-37.54060518,12,FALSE,1,10.1,143.671589773626_-37.3972919558011,143.67158977362615,-37.397291955801116,143.74932408_-37.54174961,201011001,21001,Alfredton,20101,Ballarat,201,Ballarat,2RVIC,Rest of Vic.,2,Victoria,52.7111,143.74932408,-37.54174961,1,7,61411.04032562443
10,143.54747688,-37.46894857,13,FALSE,1,10.1,143.671589773626_-37.3972919558011,143.67158977362615,-37.397291955801116,143.74932408_-37.54174961,201011001,21001,Alfredton,20101,Ballarat,201,Ballarat,2RVIC,Rest of Vic.,2,Victoria,52.7111,143.74932408,-37.54174961,1,7,61411.04032562443
10,143.54747688,-37.32563534,14,FALSE,1,10.1,143.671589773626_-37.3972919558011,143.67158977362615,-37.397291955801116,143.74932408_-37.54174961,201011001,21001,Alfredton,20101,Ballarat,201,Ballarat,2RVIC,Rest of Vic.,2,Victoria,52.7111,143.74932408,-37.54174961,1,7,61411.04032562443
11,143.67158977,-37.11066551,15,FALSE,1,11.1,143.795702665671_-37.1823221209046,143.79570266567134,-37.18232212090459,143.83542782_-37.35417121,201021010,21010,Creswick - Clunes,20102,Creswick - Daylesford - Ballan,201,Ballarat,2RVIC,Rest of Vic.,2,Victoria,856.7892,143.83542782,-37.35417121,10,12,34089.44273635915
11,143.79570267,-37.0390089,16,FALSE,1,11.1,143.795702665671_-37.1823221209046,143.79570266567134,-37.18232212090459,143.83542782_-37.35417121,201021010,21010,Creswick - Clunes,20102,Creswick - Daylesford - Ballan,201,Ballarat,2RVIC,Rest of Vic.,2,Victoria,856.7892,143.83542782,-37.35417121,10,12,34089.44273635915
11,143.91981556,-37.11066551,17,FALSE,1,11.1,143.795702665671_-37.1823221209046,143.79570266567134,-37.18232212090459,143.83542782_-37.35417121,201021010,21010,Creswick - Clunes,20102,Creswick - Daylesford - Ballan,201,Ballarat,2RVIC,Rest of Vic.,2,Victoria,856.7892,143.83542782,-37.35417121,10,12,34089.44273635915
11,143.91981556,-37.25397873,18,FALSE,1,11.1,143.795702665671_-37.1823221209046,143.79570266567134,-37.18232212090459,143.83542782_-37.35417121,201021010,21010,Creswick - Clunes,20102,Creswick - Daylesford - Ballan,201,Ballarat,2RVIC,Rest of Vic.,2,Victoria,856.7892,143.83542782,-37.35417121,10,12,34089.44273635915
11,143.79570267,-37.32563534,19,FALSE,1,11.1,143.795702665671_-37.1823221209046,143.79570266567134,-37.18232212090459,143.83542782_-37.35417121,201021010,21010,Creswick - Clunes,20102,Creswick - Daylesford - Ballan,201,Ballarat,2RVIC,Rest of Vic.,2,Victoria,856.7892,143.83542782,-37.35417121,10,12,34089.44273635915
11,143.67158977,-37.25397873,20,FALSE,1,11.1,143.795702665671_-37.1823221209046,143.79570266567134,-37.18232212090459,143.83542782_-37.35417121,201021010,21010,Creswick - Clunes,20102,Creswick - Daylesford - Ballan,201,Ballarat,2RVIC,Rest of Vic.,2,Victoria,856.7892,143.83542782,-37.35417121,10,12,34089.44273635915
11,143.67158977,-37.11066551,21,FALSE,1,11.1,143.795702665671_-37.1823221209046,143.79570266567134,-37.18232212090459,143.83542782_-37.35417121,201021010,21010,Creswick - Clunes,20102,Creswick - Daylesford - Ballan,201,Ballarat,2RVIC,Rest of Vic.,2,Victoria,856.7892,143.83542782,-37.35417121,10,12,34089.44273635915
12,143.67158977,-37.54060518,22,FALSE,1,12.1,143.795702665671_-37.6122617906977,143.79570266567134,-37.61226179069765,143.86203031_-37.59330503,201011004,21004,Ballarat - South,20101,Ballarat,201,Ballarat,2RVIC,Rest of Vic.,2,Victoria,32.8541,143.86203031,-37.59330503,4,3,67784.43156668391
12,143.79570267,-37.46894857,23,FALSE,1,12.1,143.795702665671_-37.6122617906977,143.79570266567134,-37.61226179069765,143.86203031_-37.59330503,201011004,21004,Ballarat - South,20101,Ballarat,201,Ballarat,2RVIC,Rest of Vic.,2,Victoria,32.8541,143.86203031,-37.59330503,4,3,67784.43156668391
12,143.91981556,-37.54060518,24,FALSE,1,12.1,143.795702665671_-37.6122617906977,143.79570266567134,-37.61226179069765,143.86203031_-37.59330503,201011004,21004,Ballarat - South,20101,Ballarat,201,Ballarat,2RVIC,Rest of Vic.,2,Victoria,32.8541,143.86203031,-37.59330503,4,3,67784.43156668391
12,143.91981556,-37.6839184,25,FALSE,1,12.1,143.795702665671_-37.6122617906977,143.79570266567134,-37.61226179069765,143.86203031_-37.59330503,201011004,21004,Ballarat - South,20101,Ballarat,201,Ballarat,2RVIC,Rest of Vic.,2,Victoria,32.8541,143.86203031,-37.59330503,4,3,67784.43156668391
12,143.79570267,-37.75557501,26,FALSE,1,12.1,143.795702665671_-37.6122617906977,143.79570266567134,-37.61226179069765,143.86203031_-37.59330503,201011004,21004,Ballarat - South,20101,Ballarat,201,Ballarat,2RVIC,Rest of Vic.,2,Victoria,32.8541,143.86203031,-37.59330503,4,3,67784.43156668391
12,143.67158977,-37.6839184,27,FALSE,1,12.1,143.795702665671_-37.6122617906977,143.79570266567134,-37.61226179069765,143.86203031_-37.59330503,201011004,21004,Ballarat - South,20101,Ballarat,201,Ballarat,2RVIC,Rest of Vic.,2,Victoria,32.8541,143.86203031,-37.59330503,4,3,67784.43156668391
12,143.67158977,-37.54060518,28,FALSE,1,12.1,143.795702665671_-37.6122617906977,143.79570266567134,-37.61226179069765,143.86203031_-37.59330503,201011004,21004,Ballarat - South,20101,Ballarat,201,Ballarat,2RVIC,Rest of Vic.,2,Victoria,32.8541,143.86203031,-37.59330503,4,3,67784.43156668391
13,143.79570267,-37.32563534,29,FALSE,1,13.1,143.919815557717_-37.3972919558011,143.9198155577165,-37.397291955801116,143.89947737_-37.52716194,201011003,21003,Ballarat - North,20101,Ballarat,201,Ballarat,2RVIC,Rest of Vic.,2,Victoria,92.3577,143.89947737,-37.52716194,3,8,11272.099889402178
13,143.91981556,-37.25397873,30,FALSE,1,13.1,143.919815557717_-37.3972919558011,143.9198155577165,-37.397291955801116,143.89947737_-37.52716194,201011003,21003,Ballarat - North,20101,Ballarat,201,Ballarat,2RVIC,Rest of Vic.,2,Victoria,92.3577,143.89947737,-37.52716194,3,8,11272.099889402178
13,144.04392845,-37.32563534,31,FALSE,1,13.1,143.919815557717_-37.3972919558011,143.9198155577165,-37.397291955801116,143.89947737_-37.52716194,201011003,21003,Ballarat - North,20101,Ballarat,201,Ballarat,2RVIC,Rest of Vic.,2,Victoria,92.3577,143.89947737,-37.52716194,3,8,11272.099889402178
13,144.04392845,-37.46894857,32,FALSE,1,13.1,143.919815557717_-37.3972919558011,143.9198155577165,-37.397291955801116,143.89947737_-37.52716194,201011003,21003,Ballarat - North,20101,Ballarat,201,Ballarat,2RVIC,Rest of Vic.,2,Victoria,92.3577,143.89947737,-37.52716194,3,8,11272.099889402178
13,143.91981556,-37.54060518,33,FALSE,1,13.1,143.919815557717_-37.3972919558011,143.9198155577165,-37.397291955801116,143.89947737_-37.52716194,201011003,21003,Ballarat - North,20101,Ballarat,201,Ballarat,2RVIC,Rest of Vic.,2,Victoria,92.3577,143.89947737,-37.52716194,3,8,11272.099889402178
13,143.79570267,-37.46894857,34,FALSE,1,13.1,143.919815557717_-37.3972919558011,143.9198155577165,-37.397291955801116,143.89947737_-37.52716194,201011003,21003,Ballarat - North,20101,Ballarat,201,Ballarat,2RVIC,Rest of Vic.,2,Victoria,92.3577,143.89947737,-37.52716194,3,8,11272.099889402178
13,143.79570267,-37.32563534,35,FALSE,1,13.1,143.919815557717_-37.3972919558011,143.9198155577165,-37.397291955801116,143.89947737_-37.52716194,201011003,21003,Ballarat - North,20101,Ballarat,201,Ballarat,2RVIC,Rest of Vic.,2,Victoria,92.3577,143.89947737,-37.52716194,3,8,11272.099889402178
14,143.91981556,-37.54060518,36,FALSE,1,14.1,144.043928449762_-37.6122617906977,144.04392844976164,-37.61226179069765,144.03935977_-37.64734116,201021012,21012,Gordon (Vic.),20102,Creswick - Daylesford - Ballan,201,Ballarat,2RVIC,Rest of Vic.,2,Victoria,850.3137,144.03935977,-37.64734116,12,4,29123.912517035656
14,144.04392845,-37.46894857,37,FALSE,1,14.1,144.043928449762_-37.6122617906977,144.04392844976164,-37.61226179069765,144.03935977_-37.64734116,201021012,21012,Gordon (Vic.),20102,Creswick - Daylesford - Ballan,201,Ballarat,2RVIC,Rest of Vic.,2,Victoria,850.3137,144.03935977,-37.64734116,12,4,29123.912517035656
14,144.16804134,-37.54060518,38,FALSE,1,14.1,144.043928449762_-37.6122617906977,144.04392844976164,-37.61226179069765,144.03935977_-37.64734116,201021012,21012,Gordon (Vic.),20102,Creswick - Daylesford - Ballan,201,Ballarat,2RVIC,Rest of Vic.,2,Victoria,850.3137,144.03935977,-37.64734116,12,4,29123.912517035656
14,144.16804134,-37.6839184,39,FALSE,1,14.1,144.043928449762_-37.6122617906977,144.04392844976164,-37.61226179069765,144.03935977_-37.64734116,201021012,21012,Gordon (Vic.),20102,Creswick - Daylesford - Ballan,201,Ballarat,2RVIC,Rest of Vic.,2,Victoria,850.3137,144.03935977,-37.64734116,12,4,29123.912517035656
14,144.04392845,-37.75557501,40,FALSE,1,14.1,144.043928449762_-37.6122617906977,144.04392844976164,-37.61226179069765,144.03935977_-37.64734116,201021012,21012,Gordon (Vic.),20102,Creswick - Daylesford - Ballan,201,Ballarat,2RVIC,Rest of Vic.,2,Victoria,850.3137,144.03935977,-37.64734116,12,4,29123.912517035656
14,143.91981556,-37.6839184,41,FALSE,1,14.1,144.043928449762_-37.6122617906977,144.04392844976164,-37.61226179069765,144.03935977_-37.64734116,201021012,21012,Gordon (Vic.),20102,Creswick - Daylesford - Ballan,201,Ballarat,2RVIC,Rest of Vic.,2,Victoria,850.3137,144.03935977,-37.64734116,12,4,29123.912517035656
14,143.91981556,-37.54060518,42,FALSE,1,14.1,144.043928449762_-37.6122617906977,144.04392844976164,-37.61226179069765,144.03935977_-37.64734116,201021012,21012,Gordon (Vic.),20102,Creswick - Daylesford - Ballan,201,Ballarat,2RVIC,Rest of Vic.,2,Victoria,850.3137,144.03935977,-37.64734116,12,4,29123.912517035656
15,144.04392845,-37.32563534,43,FALSE,1,15.1,144.168041341807_-37.3972919558011,144.1680413418068,-37.397291955801116,143.88077176_-37.64386738,201011005,21005,Buninyong,20101,Ballarat,201,Ballarat,2RVIC,Rest of Vic.,2,Victoria,51.5855,143.88077176,-37.64386738,5,9,48759.18749347886
15,144.16804134,-37.25397873,44,FALSE,1,15.1,144.168041341807_-37.3972919558011,144.1680413418068,-37.397291955801116,143.88077176_-37.64386738,201011005,21005,Buninyong,20101,Ballarat,201,Ballarat,2RVIC,Rest of Vic.,2,Victoria,51.5855,143.88077176,-37.64386738,5,9,48759.18749347886
15,144.29215423,-37.32563534,45,FALSE,1,15.1,144.168041341807_-37.3972919558011,144.1680413418068,-37.397291955801116,143.88077176_-37.64386738,201011005,21005,Buninyong,20101,Ballarat,201,Ballarat,2RVIC,Rest of Vic.,2,Victoria,51.5855,143.88077176,-37.64386738,5,9,48759.18749347886
15,144.29215423,-37.46894857,46,FALSE,1,15.1,144.168041341807_-37.3972919558011,144.1680413418068,-37.397291955801116,143.88077176_-37.64386738,201011005,21005,Buninyong,20101,Ballarat,201,Ballarat,2RVIC,Rest of Vic.,2,Victoria,51.5855,143.88077176,-37.64386738,5,9,48759.18749347886
15,144.16804134,-37.54060518,47,FALSE,1,15.1,144.168041341807_-37.3972919558011,144.1680413418068,-37.397291955801116,143.88077176_-37.64386738,201011005,21005,Buninyong,20101,Ballarat,201,Ballarat,2RVIC,Rest of Vic.,2,Victoria,51.5855,143.88077176,-37.64386738,5,9,48759.18749347886
15,144.04392845,-37.46894857,48,FALSE,1,15.1,144.168041341807_-37.3972919558011,144.1680413418068,-37.397291955801116,143.88077176_-37.64386738,201011005,21005,Buninyong,20101,Ballarat,201,Ballarat,2RVIC,Rest of Vic.,2,Victoria,51.5855,143.88077176,-37.64386738,5,9,48759.18749347886
15,144.04392845,-37.32563534,49,FALSE,1,15.1,144.168041341807_-37.3972919558011,144.1680413418068,-37.397291955801116,143.88077176_-37.64386738,201011005,21005,Buninyong,20101,Ballarat,201,Ballarat,2RVIC,Rest of Vic.,2,Victoria,51.5855,143.88077176,-37.64386738,5,9,48759.18749347886
16,144.16804134,-37.11066551,50,FALSE,1,16.1,144.292154233852_-37.1823221209046,144.29215423385196,-37.18232212090459,144.1858093_-37.31777869,201021011,21011,Daylesford,20102,Creswick - Daylesford - Ballan,201,Ballarat,2RVIC,Rest of Vic.,2,Victoria,920.7579,144.1858093,-37.31777869,11,13,17570.39939631271
16,144.29215423,-37.0390089,51,FALSE,1,16.1,144.292154233852_-37.1823221209046,144.29215423385196,-37.18232212090459,144.1858093_-37.31777869,201021011,21011,Daylesford,20102,Creswick - Daylesford - Ballan,201,Ballarat,2RVIC,Rest of Vic.,2,Victoria,920.7579,144.1858093,-37.31777869,11,13,17570.39939631271
16,144.41626713,-37.11066551,52,FALSE,1,16.1,144.292154233852_-37.1823221209046,144.29215423385196,-37.18232212090459,144.1858093_-37.31777869,201021011,21011,Daylesford,20102,Creswick - Daylesford - Ballan,201,Ballarat,2RVIC,Rest of Vic.,2,Victoria,920.7579,144.1858093,-37.31777869,11,13,17570.39939631271
16,144.41626713,-37.25397873,53,FALSE,1,16.1,144.292154233852_-37.1823221209046,144.29215423385196,-37.18232212090459,144.1858093_-37.31777869,201021011,21011,Daylesford,20102,Creswick - Daylesford - Ballan,201,Ballarat,2RVIC,Rest of Vic.,2,Victoria,920.7579,144.1858093,-37.31777869,11,13,17570.39939631271
16,144.29215423,-37.32563534,54,FALSE,1,16.1,144.292154233852_-37.1823221209046,144.29215423385196,-37.18232212090459,144.1858093_-37.31777869,201021011,21011,Daylesford,20102,Creswick - Daylesford - Ballan,201,Ballarat,2RVIC,Rest of Vic.,2,Victoria,920.7579,144.1858093,-37.31777869,11,13,17570.39939631271
16,144.16804134,-37.25397873,55,FALSE,1,16.1,144.292154233852_-37.1823221209046,144.29215423385196,-37.18232212090459,144.1858093_-37.31777869,201021011,21011,Daylesford,20102,Creswick - Daylesford - Ballan,201,Ballarat,2RVIC,Rest of Vic.,2,Victoria,920.7579,144.1858093,-37.31777869,11,13,17570.39939631271
16,144.16804134,-37.11066551,56,FALSE,1,16.1,144.292154233852_-37.1823221209046,144.29215423385196,-37.18232212090459,144.1858093_-37.31777869,201021011,21011,Daylesford,20102,Creswick - Daylesford - Ballan,201,Ballarat,2RVIC,Rest of Vic.,2,Victoria,920.7579,144.1858093,-37.31777869,11,13,17570.39939631271
17,144.16804134,-37.54060518,57,FALSE,1,17.1,144.292154233852_-37.6122617906977,144.29215423385196,-37.61226179069765,144.30970098_-37.63031659,201021009,21009,Bacchus Marsh Region,20102,Creswick - Daylesford - Ballan,201,Ballarat,2RVIC,Rest of Vic.,2,Victoria,1038.8122,144.30970098,-37.63031659,9,5,10985.20740752716
17,144.29215423,-37.46894857,58,FALSE,1,17.1,144.292154233852_-37.6122617906977,144.29215423385196,-37.61226179069765,144.30970098_-37.63031659,201021009,21009,Bacchus Marsh Region,20102,Creswick - Daylesford - Ballan,201,Ballarat,2RVIC,Rest of Vic.,2,Victoria,1038.8122,144.30970098,-37.63031659,9,5,10985.20740752716
17,144.41626713,-37.54060518,59,FALSE,1,17.1,144.292154233852_-37.6122617906977,144.29215423385196,-37.61226179069765,144.30970098_-37.63031659,201021009,21009,Bacchus Marsh Region,20102,Creswick - Daylesford - Ballan,201,Ballarat,2RVIC,Rest of Vic.,2,Victoria,1038.8122,144.30970098,-37.63031659,9,5,10985.20740752716
17,144.41626713,-37.6839184,60,FALSE,1,17.1,144.292154233852_-37.6122617906977,144.29215423385196,-37.61226179069765,144.30970098_-37.63031659,201021009,21009,Bacchus Marsh Region,20102,Creswick - Daylesford - Ballan,201,Ballarat,2RVIC,Rest of Vic.,2,Victoria,1038.8122,144.30970098,-37.63031659,9,5,10985.20740752716
17,144.29215423,-37.75557501,61,FALSE,1,17.1,144.292154233852_-37.6122617906977,144.29215423385196,-37.61226179069765,144.30970098_-37.63031659,201021009,21009,Bacchus Marsh Region,20102,Creswick - Daylesford - Ballan,201,Ballarat,2RVIC,Rest of Vic.,2,Victoria,1038.8122,144.30970098,-37.63031659,9,5,10985.20740752716
17,144.16804134,-37.6839184,62,FALSE,1,17.1,144.292154233852_-37.6122617906977,144.29215423385196,-37.61226179069765,144.30970098_-37.63031659,201021009,21009,Bacchus Marsh Region,20102,Creswick - Daylesford - Ballan,201,Ballarat,2RVIC,Rest of Vic.,2,Victoria,1038.8122,144.30970098,-37.63031659,9,5,10985.20740752716
17,144.16804134,-37.54060518,63,FALSE,1,17.1,144.292154233852_-37.6122617906977,144.29215423385196,-37.61226179069765,144.30970098_-37.63031659,201021009,21009,Bacchus Marsh Region,20102,Creswick - Daylesford - Ballan,201,Ballarat,2RVIC,Rest of Vic.,2,Victoria,1038.8122,144.30970098,-37.63031659,9,5,10985.20740752716
2,143.17513821,-37.11066551,64,FALSE,1,2.1,143.299251097491_-37.1823221209046,143.2992510974907,-37.18232212090459,143.77847167_-37.58224176,201011006,21006,Delacombe,20101,Ballarat,201,Ballarat,2RVIC,Rest of Vic.,2,Victoria,34.1608,143.77847167,-37.58224176,6,10,17444.924663901023
2,143.2992511,-37.0390089,65,FALSE,1,2.1,143.299251097491_-37.1823221209046,143.2992510974907,-37.18232212090459,143.77847167_-37.58224176,201011006,21006,Delacombe,20101,Ballarat,201,Ballarat,2RVIC,Rest of Vic.,2,Victoria,34.1608,143.77847167,-37.58224176,6,10,17444.924663901023
2,143.42336399,-37.11066551,66,FALSE,1,2.1,143.299251097491_-37.1823221209046,143.2992510974907,-37.18232212090459,143.77847167_-37.58224176,201011006,21006,Delacombe,20101,Ballarat,201,Ballarat,2RVIC,Rest of Vic.,2,Victoria,34.1608,143.77847167,-37.58224176,6,10,17444.924663901023
2,143.42336399,-37.25397873,67,FALSE,1,2.1,143.299251097491_-37.1823221209046,143.2992510974907,-37.18232212090459,143.77847167_-37.58224176,201011006,21006,Delacombe,20101,Ballarat,201,Ballarat,2RVIC,Rest of Vic.,2,Victoria,34.1608,143.77847167,-37.58224176,6,10,17444.924663901023
2,143.2992511,-37.32563534,68,FALSE,1,2.1,143.299251097491_-37.1823221209046,143.2992510974907,-37.18232212090459,143.77847167_-37.58224176,201011006,21006,Delacombe,20101,Ballarat,201,Ballarat,2RVIC,Rest of Vic.,2,Victoria,34.1608,143.77847167,-37.58224176,6,10,17444.924663901023
2,143.17513821,-37.25397873,69,FALSE,1,2.1,143.299251097491_-37.1823221209046,143.2992510974907,-37.18232212090459,143.77847167_-37.58224176,201011006,21006,Delacombe,20101,Ballarat,201,Ballarat,2RVIC,Rest of Vic.,2,Victoria,34.1608,143.77847167,-37.58224176,6,10,17444.924663901023
2,143.17513821,-37.11066551,70,FALSE,1,2.1,143.299251097491_-37.1823221209046,143.2992510974907,-37.18232212090459,143.77847167_-37.58224176,201011006,21006,Delacombe,20101,Ballarat,201,Ballarat,2RVIC,Rest of Vic.,2,Victoria,34.1608,143.77847167,-37.58224176,6,10,17444.924663901023
3,143.17513821,-37.54060518,71,FALSE,1,3.1,143.299251097491_-37.6122617906977,143.2992510974907,-37.61226179069765,143.62655648_-37.77561949,201031015,21015,Golden Plains - North,20103,Maryborough - Pyrenees,201,Ballarat,2RVIC,Rest of Vic.,2,Victoria,922.0812,143.62655648,-37.77561949,15,1,19394.443778036013
3,143.2992511,-37.46894857,72,FALSE,1,3.1,143.299251097491_-37.6122617906977,143.2992510974907,-37.61226179069765,143.62655648_-37.77561949,201031015,21015,Golden Plains - North,20103,Maryborough - Pyrenees,201,Ballarat,2RVIC,Rest of Vic.,2,Victoria,922.0812,143.62655648,-37.77561949,15,1,19394.443778036013
3,143.42336399,-37.54060518,73,FALSE,1,3.1,143.299251097491_-37.6122617906977,143.2992510974907,-37.61226179069765,143.62655648_-37.77561949,201031015,21015,Golden Plains - North,20103,Maryborough - Pyrenees,201,Ballarat,2RVIC,Rest of Vic.,2,Victoria,922.0812,143.62655648,-37.77561949,15,1,19394.443778036013
3,143.42336399,-37.6839184,74,FALSE,1,3.1,143.299251097491_-37.6122617906977,143.2992510974907,-37.61226179069765,143.62655648_-37.77561949,201031015,21015,Golden Plains - North,20103,Maryborough - Pyrenees,201,Ballarat,2RVIC,Rest of Vic.,2,Victoria,922.0812,143.62655648,-37.77561949,15,1,19394.443778036013
3,143.2992511,-37.75557501,75,FALSE,1,3.1,143.299251097491_-37.6122617906977,143.2992510974907,-37.61226179069765,143.62655648_-37.77561949,201031015,21015,Golden Plains - North,20103,Maryborough - Pyrenees,201,Ballarat,2RVIC,Rest of Vic.,2,Victoria,922.0812,143.62655648,-37.77561949,15,1,19394.443778036013
3,143.17513821,-37.6839184,76,FALSE,1,3.1,143.299251097491_-37.6122617906977,143.2992510974907,-37.61226179069765,143.62655648_-37.77561949,201031015,21015,Golden Plains - North,20103,Maryborough - Pyrenees,201,Ballarat,2RVIC,Rest of Vic.,2,Victoria,922.0812,143.62655648,-37.77561949,15,1,19394.443778036013
3,143.17513821,-37.54060518,77,FALSE,1,3.1,143.299251097491_-37.6122617906977,143.2992510974907,-37.61226179069765,143.62655648_-37.77561949,201031015,21015,Golden Plains - North,20103,Maryborough - Pyrenees,201,Ballarat,2RVIC,Rest of Vic.,2,Victoria,922.0812,143.62655648,-37.77561949,15,1,19394.443778036013
4,143.2992511,-36.89569567,78,FALSE,1,4.1,143.423363989536_-36.9673522860081,143.42336398953583,-36.96735228600806,143.80254818_-37.4975669,201011008,21008,Wendouree - Miners Rest,20101,Ballarat,201,Ballarat,2RVIC,Rest of Vic.,2,Victoria,67.5734,143.80254818,-37.4975669,8,15,6223.631261772319
4,143.42336399,-36.82403906,79,FALSE,1,4.1,143.423363989536_-36.9673522860081,143.42336398953583,-36.96735228600806,143.80254818_-37.4975669,201011008,21008,Wendouree - Miners Rest,20101,Ballarat,201,Ballarat,2RVIC,Rest of Vic.,2,Victoria,67.5734,143.80254818,-37.4975669,8,15,6223.631261772319
4,143.54747688,-36.89569567,80,FALSE,1,4.1,143.423363989536_-36.9673522860081,143.42336398953583,-36.96735228600806,143.80254818_-37.4975669,201011008,21008,Wendouree - Miners Rest,20101,Ballarat,201,Ballarat,2RVIC,Rest of Vic.,2,Victoria,67.5734,143.80254818,-37.4975669,8,15,6223.631261772319
4,143.54747688,-37.0390089,81,FALSE,1,4.1,143.423363989536_-36.9673522860081,143.42336398953583,-36.96735228600806,143.80254818_-37.4975669,201011008,21008,Wendouree - Miners Rest,20101,Ballarat,201,Ballarat,2RVIC,Rest of Vic.,2,Victoria,67.5734,143.80254818,-37.4975669,8,15,6223.631261772319
4,143.42336399,-37.11066551,82,FALSE,1,4.1,143.423363989536_-36.9673522860081,143.42336398953583,-36.96735228600806,143.80254818_-37.4975669,201011008,21008,Wendouree - Miners Rest,20101,Ballarat,201,Ballarat,2RVIC,Rest of Vic.,2,Victoria,67.5734,143.80254818,-37.4975669,8,15,6223.631261772319
4,143.2992511,-37.0390089,83,FALSE,1,4.1,143.423363989536_-36.9673522860081,143.42336398953583,-36.96735228600806,143.80254818_-37.4975669,201011008,21008,Wendouree - Miners Rest,20101,Ballarat,201,Ballarat,2RVIC,Rest of Vic.,2,Victoria,67.5734,143.80254818,-37.4975669,8,15,6223.631261772319
4,143.2992511,-36.89569567,84,FALSE,1,4.1,143.423363989536_-36.9673522860081,143.42336398953583,-36.96735228600806,143.80254818_-37.4975669,201011008,21008,Wendouree - Miners Rest,20101,Ballarat,201,Ballarat,2RVIC,Rest of Vic.,2,Victoria,67.5734,143.80254818,-37.4975669,8,15,6223.631261772319
5,143.2992511,-37.32563534,85,FALSE,1,5.1,143.423363989536_-37.3972919558011,143.42336398953583,-37.397291955801116,143.39326921_-37.49598306,201031014,21014,Beaufort,20103,Maryborough - Pyrenees,201,Ballarat,2RVIC,Rest of Vic.,2,Victoria,1863.0431,143.39326921,-37.49598306,14,6,14525.222136501994
5,143.42336399,-37.25397873,86,FALSE,1,5.1,143.423363989536_-37.3972919558011,143.42336398953583,-37.397291955801116,143.39326921_-37.49598306,201031014,21014,Beaufort,20103,Maryborough - Pyrenees,201,Ballarat,2RVIC,Rest of Vic.,2,Victoria,1863.0431,143.39326921,-37.49598306,14,6,14525.222136501994
5,143.54747688,-37.32563534,87,FALSE,1,5.1,143.423363989536_-37.3972919558011,143.42336398953583,-37.397291955801116,143.39326921_-37.49598306,201031014,21014,Beaufort,20103,Maryborough - Pyrenees,201,Ballarat,2RVIC,Rest of Vic.,2,Victoria,1863.0431,143.39326921,-37.49598306,14,6,14525.222136501994
5,143.54747688,-37.46894857,88,FALSE,1,5.1,143.423363989536_-37.3972919558011,143.42336398953583,-37.397291955801116,143.39326921_-37.49598306,201031014,21014,Beaufort,20103,Maryborough - Pyrenees,201,Ballarat,2RVIC,Rest of Vic.,2,Victoria,1863.0431,143.39326921,-37.49598306,14,6,14525.222136501994
5,143.42336399,-37.54060518,89,FALSE,1,5.1,143.423363989536_-37.3972919558011,143.42336398953583,-37.397291955801116,143.39326921_-37.49598306,201031014,21014,Beaufort,20103,Maryborough - Pyrenees,201,Ballarat,2RVIC,Rest of Vic.,2,Victoria,1863.0431,143.39326921,-37.49598306,14,6,14525.222136501994
5,143.2992511,-37.46894857,90,FALSE,1,5.1,143.423363989536_-37.3972919558011,143.42336398953583,-37.397291955801116,143.39326921_-37.49598306,201031014,21014,Beaufort,20103,Maryborough - Pyrenees,201,Ballarat,2RVIC,Rest of Vic.,2,Victoria,1863.0431,143.39326921,-37.49598306,14,6,14525.222136501994
5,143.2992511,-37.32563534,91,FALSE,1,5.1,143.423363989536_-37.3972919558011,143.42336398953583,-37.397291955801116,143.39326921_-37.49598306,201031014,21014,Beaufort,20103,Maryborough - Pyrenees,201,Ballarat,2RVIC,Rest of Vic.,2,Victoria,1863.0431,143.39326921,-37.49598306,14,6,14525.222136501994
6,143.42336399,-36.68072584,92,FALSE,1,6.1,143.547476881581_-36.7523824511115,143.547476881581,-36.75238245111154,143.7070975_-36.98135073,201031017,21017,Maryborough Region,20103,Maryborough - Pyrenees,201,Ballarat,2RVIC,Rest of Vic.,2,Victoria,1627.5521,143.7070975,-36.98135073,17,17,3914.1529073906577
6,143.54747688,-36.60906923,93,FALSE,1,6.1,143.547476881581_-36.7523824511115,143.547476881581,-36.75238245111154,143.7070975_-36.98135073,201031017,21017,Maryborough Region,20103,Maryborough - Pyrenees,201,Ballarat,2RVIC,Rest of Vic.,2,Victoria,1627.5521,143.7070975,-36.98135073,17,17,3914.1529073906577
6,143.67158977,-36.68072584,94,FALSE,1,6.1,143.547476881581_-36.7523824511115,143.547476881581,-36.75238245111154,143.7070975_-36.98135073,201031017,21017,Maryborough Region,20103,Maryborough - Pyrenees,201,Ballarat,2RVIC,Rest of Vic.,2,Victoria,1627.5521,143.7070975,-36.98135073,17,17,3914.1529073906577
6,143.67158977,-36.82403906,95,FALSE,1,6.1,143.547476881581_-36.7523824511115,143.547476881581,-36.75238245111154,143.7070975_-36.98135073,201031017,21017,Maryborough Region,20103,Maryborough - Pyrenees,201,Ballarat,2RVIC,Rest of Vic.,2,Victoria,1627.5521,143.7070975,-36.98135073,17,17,3914.1529073906577
6,143.54747688,-36.89569567,96,FALSE,1,6.1,143.547476881581_-36.7523824511115,143.547476881581,-36.75238245111154,143.7070975_-36.98135073,201031017,21017,Maryborough Region,20103,Maryborough - Pyrenees,201,Ballarat,2RVIC,Rest of Vic.,2,Victoria,1627.5521,143.7070975,-36.98135073,17,17,3914.1529073906577
6,143.42336399,-36.82403906,97,FALSE,1,6.1,143.547476881581_-36.7523824511115,143.547476881581,-36.75238245111154,143.7070975_-36.98135073,201031017,21017,Maryborough Region,20103,Maryborough - Pyrenees,201,Ballarat,2RVIC,Rest of Vic.,2,Victoria,1627.5521,143.7070975,-36.98135073,17,17,3914.1529073906577
6,143.42336399,-36.68072584,98,FALSE,1,6.1,143.547476881581_-36.7523824511115,143.547476881581,-36.75238245111154,143.7070975_-36.98135073,201031017,21017,Maryborough Region,20103,Maryborough - Pyrenees,201,Ballarat,2RVIC,Rest of Vic.,2,Victoria,1627.5521,143.7070975,-36.98135073,17,17,3914.1529073906577
7,143.42336399,-37.11066551,99,FALSE,1,7.1,143.547476881581_-37.1823221209046,143.547476881581,-37.18232212090459,143.83664874_-37.55615718,201011002,21002,Ballarat,20101,Ballarat,201,Ballarat,2RVIC,Rest of Vic.,2,Victoria,12.3787,143.83664874,-37.55615718,2,11,37334.207782480866
7,143.54747688,-37.0390089,100,FALSE,1,7.1,143.547476881581_-37.1823221209046,143.547476881581,-37.18232212090459,143.83664874_-37.55615718,201011002,21002,Ballarat,20101,Ballarat,201,Ballarat,2RVIC,Rest of Vic.,2,Victoria,12.3787,143.83664874,-37.55615718,2,11,37334.207782480866
7,143.67158977,-37.11066551,101,FALSE,1,7.1,143.547476881581_-37.1823221209046,143.547476881581,-37.18232212090459,143.83664874_-37.55615718,201011002,21002,Ballarat,20101,Ballarat,201,Ballarat,2RVIC,Rest of Vic.,2,Victoria,12.3787,143.83664874,-37.55615718,2,11,37334.207782480866
7,143.67158977,-37.25397873,102,FALSE,1,7.1,143.547476881581_-37.1823221209046,143.547476881581,-37.18232212090459,143.83664874_-37.55615718,201011002,21002,Ballarat,20101,Ballarat,201,Ballarat,2RVIC,Rest of Vic.,2,Victoria,12.3787,143.83664874,-37.55615718,2,11,37334.207782480866
7,143.54747688,-37.32563534,103,FALSE,1,7.1,143.547476881581_-37.1823221209046,143.547476881581,-37.18232212090459,143.83664874_-37.55615718,201011002,21002,Ballarat,20101,Ballarat,201,Ballarat,2RVIC,Rest of Vic.,2,Victoria,12.3787,143.83664874,-37.55615718,2,11,37334.207782480866
7,143.42336399,-37.25397873,104,FALSE,1,7.1,143.547476881581_-37.1823221209046,143.547476881581,-37.18232212090459,143.83664874_-37.55615718,201011002,21002,Ballarat,20101,Ballarat,201,Ballarat,2RVIC,Rest of Vic.,2,Victoria,12.3787,143.83664874,-37.55615718,2,11,37334.207782480866
7,143.42336399,-37.11066551,105,FALSE,1,7.1,143.547476881581_-37.1823221209046,143.547476881581,-37.18232212090459,143.83664874_-37.55615718,201011002,21002,Ballarat,20101,Ballarat,201,Ballarat,2RVIC,Rest of Vic.,2,Victoria,12.3787,143.83664874,-37.55615718,2,11,37334.207782480866
8,143.42336399,-37.54060518,106,FALSE,1,8.1,143.547476881581_-37.6122617906977,143.547476881581,-37.61226179069765,143.74622703_-37.62026233,201011007,21007,Smythes Creek,20101,Ballarat,201,Ballarat,2RVIC,Rest of Vic.,2,Victoria,104.7274,143.74622703,-37.62026233,7,2,17748.46992446078
8,143.54747688,-37.46894857,107,FALSE,1,8.1,143.547476881581_-37.6122617906977,143.547476881581,-37.61226179069765,143.74622703_-37.62026233,201011007,21007,Smythes Creek,20101,Ballarat,201,Ballarat,2RVIC,Rest of Vic.,2,Victoria,104.7274,143.74622703,-37.62026233,7,2,17748.46992446078
8,143.67158977,-37.54060518,108,FALSE,1,8.1,143.547476881581_-37.6122617906977,143.547476881581,-37.61226179069765,143.74622703_-37.62026233,201011007,21007,Smythes Creek,20101,Ballarat,201,Ballarat,2RVIC,Rest of Vic.,2,Victoria,104.7274,143.74622703,-37.62026233,7,2,17748.46992446078
8,143.67158977,-37.6839184,109,FALSE,1,8.1,143.547476881581_-37.6122617906977,143.547476881581,-37.61226179069765,143.74622703_-37.62026233,201011007,21007,Smythes Creek,20101,Ballarat,201,Ballarat,2RVIC,Rest of Vic.,2,Victoria,104.7274,143.74622703,-37.62026233,7,2,17748.46992446078
8,143.54747688,-37.75557501,110,FALSE,1,8.1,143.547476881581_-37.6122617906977,143.547476881581,-37.61226179069765,143.74622703_-37.62026233,201011007,21007,Smythes Creek,20101,Ballarat,201,Ballarat,2RVIC,Rest of Vic.,2,Victoria,104.7274,143.74622703,-37.62026233,7,2,17748.46992446078
8,143.42336399,-37.6839184,111,FALSE,1,8.1,143.547476881581_-37.6122617906977,143.547476881581,-37.61226179069765,143.74622703_-37.62026233,201011007,21007,Smythes Creek,20101,Ballarat,201,Ballarat,2RVIC,Rest of Vic.,2,Victoria,104.7274,143.74622703,-37.62026233,7,2,17748.46992446078
8,143.42336399,-37.54060518,112,FALSE,1,8.1,143.547476881581_-37.6122617906977,143.547476881581,-37.61226179069765,143.74622703_-37.62026233,201011007,21007,Smythes Creek,20101,Ballarat,201,Ballarat,2RVIC,Rest of Vic.,2,Victoria,104.7274,143.74622703,-37.62026233,7,2,17748.46992446078
9,143.54747688,-36.89569567,113,FALSE,1,9.1,143.671589773626_-36.9673522860081,143.67158977362615,-36.96735228600806,143.74405753_-37.04748082,201031016,21016,Maryborough (Vic.),20103,Maryborough - Pyrenees,201,Ballarat,2RVIC,Rest of Vic.,2,Victoria,45.5379,143.74405753,-37.04748082,16,16,2532.807032526268
9,143.67158977,-36.82403906,114,FALSE,1,9.1,143.671589773626_-36.9673522860081,143.67158977362615,-36.96735228600806,143.74405753_-37.04748082,201031016,21016,Maryborough (Vic.),20103,Maryborough - Pyrenees,201,Ballarat,2RVIC,Rest of Vic.,2,Victoria,45.5379,143.74405753,-37.04748082,16,16,2532.807032526268
9,143.79570267,-36.89569567,115,FALSE,1,9.1,143.671589773626_-36.9673522860081,143.67158977362615,-36.96735228600806,143.74405753_-37.04748082,201031016,21016,Maryborough (Vic.),20103,Maryborough - Pyrenees,201,Ballarat,2RVIC,Rest of Vic.,2,Victoria,45.5379,143.74405753,-37.04748082,16,16,2532.807032526268
9,143.79570267,-37.0390089,116,FALSE,1,9.1,143.671589773626_-36.9673522860081,143.67158977362615,-36.96735228600806,143.74405753_-37.04748082,201031016,21016,Maryborough (Vic.),20103,Maryborough - Pyrenees,201,Ballarat,2RVIC,Rest of Vic.,2,Victoria,45.5379,143.74405753,-37.04748082,16,16,2532.807032526268
9,143.67158977,-37.11066551,117,FALSE,1,9.1,143.671589773626_-36.9673522860081,143.67158977362615,-36.96735228600806,143.74405753_-37.04748082,201031016,21016,Maryborough (Vic.),20103,Maryborough - Pyrenees,201,Ballarat,2RVIC,Rest of Vic.,2,Victoria,45.5379,143.74405753,-37.04748082,16,16,2532.807032526268
9,143.54747688,-37.0390089,118,FALSE,1,9.1,143.671589773626_-36.9673522860081,143.67158977362615,-36.96735228600806,143.74405753_-37.04748082,201031016,21016,Maryborough (Vic.),20103,Maryborough - Pyrenees,201,Ballarat,2RVIC,Rest of Vic.,2,Victoria,45.5379,143.74405753,-37.04748082,16,16,2532.807032526268
9,143.54747688,-36.89569567,119,FALSE,1,9.1,143.671589773626_-36.9673522860081,143.67158977362615,-36.96735228600806,143.74405753_-37.04748082,201031016,21016,Maryborough (Vic.),20103,Maryborough - Pyrenees,201,Ballarat,2RVIC,Rest of Vic.,2,Victoria,45.5379,143.74405753,-37.04748082,16,16,2532.807032526268
